procs -----------memory---------- ---swap-- -----io---- -system-- ------cpu-----
 r  b   swpd   free   buff  cache   si   so    bi    bo   in   cs us sy id wa st
 2  0      0 31426108  18504 251860    0    0    25     1   15   27  0  0 100  0  0
 7  0      0 31418700  19172 253756    0    0  1748     0 2533  853  1  1 98  0  0
 0  0      0 31419348  19172 253628    0    0     0     0 2088  644  1  1 98  0  0
 0  0      0 31418892  19172 253808    0    0     0     0 2147  814  1  1 98  0  0
 0  0      0 31419044  19172 253908    0    0     0     0 2096  732  1  1 98  0  0
 0  0      0 31418776  19180 254184    0    0     0    72 2098  767  1  1 98  0  0
 1  0      0 31418556  19180 254348    0    0     0     0 2120  757  1  1 98  0  0
 0  0      0 31414992  19180 254420    0    0   128     0 2133  784  1  1 98  0  0
 0  0      0 31416136  19180 254896    0    0     0     0 2103  724  1  1 98  0  0
 1  0      0 31538472   2584 150592    0    0  9488    32 3249 2062  1  1 98  1  0
 0  0      0 31536844   3564 153792    0    0  1904     0 2391  896  0  1 98  0  0
 0  0      0 31536808   3564 153888    0    0     0     0 2147  843  1  1 98  0  0
 1  0      0 31524520   4084 155692    0    0  2440     0 2474 1429  1  2 97  0  0
 1  0      0 31300260   4360 178660    0    0 23124     0 4363 9811 19  2 76  2  0
 3  0      0 31014152   4388 193092    0    0 14064   120 3783 11022 37  3 59  1  0
 9  0      0 30546156   4564 244780    0    0 50064    80 3278 7141 67  8 23  2  0
10  0      0 29635972   4584 271468    0    0 27676     0 2876 3481 82 12  6  0  0
 1  0      0 28924192   4600 280228    0    0  8124     0 2493 2498 68  8 24  0  0
 9  0      0 28910108   4892 299224    0    0   412     0 3045 4534 54  2 44  0  0
 8  0      0 28159264   4916 324904    0    0   108   336 3778 3993 81  4 16  0  0
12  0      0 28112396   4920 324232    0    0     0     0 2384 1822 96  3  1  0  0
procs -----------memory---------- ---swap-- -----io---- -system-- ------cpu-----
 r  b   swpd   free   buff  cache   si   so    bi    bo   in   cs us sy id wa st
 1  0      0 27803576   4920 324188    0    0     4     0 2653 2172 64  8 28  0  0
 1  0      0 27602692   4920 324324    0    0    12     0 2494 2040 70  4 27  0  0
12  0      0 27595284   4944 326388    0    0    76     0 3354 3893 53  2 45  0  0
11  0      0 27587584   4952 332692    0    0    52   348 4044 4521 80  1 18  0  0
 3  0      0 27465704   4952 419864    0    0   100     0 3755 3518 76  3 21  0  0
 9  0      0 27248468   4952 635528    0    0     0     0 3235 3859 67  7 27  0  0
 9  0      0 26887888   4952 635844    0    0    28     0 2537 2222 81 11  9  0  0
 8  0      0 26809112   4952 635816    0    0     0     0 2252 1120 93  4  4  0  0
 8  0      0 26630872   4960 685644    0    0     0   360 2220 1350 93  7  1  0  0
 4  0      0 26219312   4960 967616    0    0     0    76 2555 1340 60  9 31  0  0
 2  0      0 26129056   4960 1049512    0    0     4     0 2405 1958 37  3 59  0  0
 2  0      0 25731808   4960 1448532    0    0     4     0 2634 2635 65  9 26  0  0
 8  0      0 25709368   4960 1471260    0    0     0     0 3128 3028 64  4 33  0  0
 3  0      0 25146940   4968 1807312    0    0     0   356 2662 2675 76 13 11  0  0
 9  0      0 25067664   4968 1887032    0    0     0    76 2485 1863 59  3 38  0  0
 8  0      0 24979016   4968 1979128    0    0     0     0 2937 2346 81  3 16  0  0
 2  0      0 24529992   4968 2286284    0    0     0     0 2525 3281 62 11 27  0  0
 2  0      0 24491076   4968 2306832    0    0     0     0 2882 3075 69  3 28  0  0
 0  0      0 31405648   4984 283776    0    0  1356   504 4627 2582  1  3 95  0  0
 0  0      0 31406324   4984 283496    0    0    88    16  904 1837  1  2 97  0  0
 1  0      0 31407840   4984 283316    0    0     0     0  588 1407  1  1 98  0  0
