procs -----------memory---------- ---swap-- -----io---- -system-- ------cpu-----
 r  b   swpd   free   buff  cache   si   so    bi    bo   in   cs us sy id wa st
 2  0      0 30921448  37368 692956    0    0    19     1   14   26  0  0 100  0  0
 6  0      0 30917252  37384 694448    0    0   616     0 2319  696  1  1 98  0  0
 0  0      0 30916544  37384 694632    0    0     0     0 2106  685  1  1 98  0  0
 0  0      0 30915812  37392 694700    0    0     0   100 2120  745  1  1 98  0  0
 0  0      0 30915260  37392 694820    0    0     0     0 2097  696  1  1 98  0  0
 0  0      0 30915628  37392 695172    0    0     0     0 2108  738  1  1 98  0  0
 0  0      0 30914580  37392 695632    0    0     0     0 2092  685  1  1 98  0  0
 1  0      0 30914604  37392 695988    0    0     0     0 2125  784  1  1 98  0  0
 0  0      0 30912500  37400 695860    0    0     0    16 2108  730  1  1 98  0  0
 1  0      0 30911916  37400 695880    0    0     0     0 2109  659  1  1 98  0  0
 0  0      0 31494488   1492 153672    0    0  1820     0 2447 1473  1  2 98  0  0
 0  0      0 31488308   3724 157532    0    0  4008     0 2763 1033  1  1 98  0  0
 0  0      0 31487616   4048 157708    0    0   324     0 2184  761  1  1 98  0  0
 0  1      0 31345156   5064 175168    0    0 18672     0 4021 7889 13  3 83  2  0
 3  0      0 31026488   5100 191124    0    0 15420   152 3728 7640 24  3 72  1  0
 0  0      0 30895196   5272 201476    0    0 10128     0 3134 5166 43  3 53  1  0
 3  0      0 30847204   5492 202768    0    0   548     0 4466 8767 49  3 48  0  0
 1  0      0 31442832   5752 203268    0    0  2068    80 2501 3053 10  1 89  0  0
 0  0      0 31444308   5752 202932    0    0    88     0  630 1708  1  2 97  0  0
 0  0      0 31443860   5764 202612    0    0     0   144  514 1194  0  1 98  0  0
