procs -----------memory---------- ---swap-- -----io---- -system-- ------cpu-----
 r  b   swpd   free   buff  cache   si   so    bi    bo   in   cs us sy id wa st
 2  0      0 31441192   8668 205816    0    0    19     1   14   26  0  0 100  0  0
 6  0      0 31435628   8808 207060    0    0   856     0 2369  734  1  1 98  0  0
 0  0      0 31435216   8812 207164    0    0     4     0 2079  630  1  1 98  0  0
 0  0      0 31434536   8820 207436    0    0     0   104 2136  749  1  1 98  0  0
 0  0      0 31434848   8820 207676    0    0     0     0 2087  664  1  1 98  0  0
 0  0      0 31435176   8820 207284    0    0     0     0 2100  712  1  1 98  0  0
 0  0      0 31434692   8820 207740    0    0     0     0 2092  694  1  1 98  0  0
 0  0      0 31434044   8820 207576    0    0     0     0 2114  759  1  1 98  0  0
 0  0      0 31431864   8828 207752    0    0   128    16 2140  802  1  1 98  0  0
 1  0      0 31432132   8828 207792    0    0     0     0 2098  610  1  1 99  0  0
 0  0      0 31498232   1392 152404    0    0  7376    68 2774 1796  1  1 98  0  0
 0  0      0 31492884   3616 156896    0    0  4068     0 2801 1189  1  1 98  0  0
 0  0      0 31492400   3616 156956    0    0     0     0 2109  740  1  1 98  0  0
 1  1      0 31429684   4688 165992    0    0 10500     0 3220 4059  5  1 93  1  0
 1  0      0 31135976   4828 185480    0    0 19464     0 4037 8899 21  3 74  2  0
 3  1      0 30907536   4848 199012    0    0 13052   140 3460 6727 39  3 58  1  0
 6  0      0 30842244   5380 201288    0    0  2172   140 3963 8449 49  2 49  1  0
 0  0      0 31444244   5652 203192    0    0  2072    80 3745 4673 24  2 74  0  0
 1  0      0 31445896   5652 202748    0    0     0     0  404  702  0  1 99  0  0
