procs -----------memory---------- ---swap-- -----io---- -system-- ------cpu-----
 r  b   swpd   free   buff  cache   si   so    bi    bo   in   cs us sy id wa st
 4  0      0 31442592   6168 203960    0    0    19     1   14   26  0  0 100  0  0
 4  0      0 31437532   6584 206056    0    0  1520     0 2442  787  1  1 98  0  0
 0  0      0 31436080   6584 206436    0    0     0     0 2093  678  1  1 98  0  0
 0  0      0 31436520   6584 206248    0    0     0     0 2109  748  1  1 98  0  0
 0  0      0 31435488   6584 206364    0    0     0     0 2093  721  1  1 98  0  0
 0  0      0 31435404   6584 206452    0    0     0     0 2089  684  1  1 98  0  0
 0  0      0 31435496   6592 206652    0    0     0    64 2114  759  1  1 98  0  0
 0  0      0 31434216   6600 207084    0    0     8   104 2106  754  1  1 98  0  0
 0  0      0 31432636   6600 207240    0    0   132     0 2163  857  1  1 98  0  0
 1  0      0 31431940   6600 207076    0    0     0     0 2088  556  1  1 99  0  0
 0  0      0 31495980   1332 153504    0    0  7424    60 2826 1783  1  1 98  0  0
 0  0      0 31488816   3800 157972    0    0  4316     0 2804 1040  1  1 98  0  0
 0  0      0 31489360   3804 157868    0    0     4   220 2169  833  1  1 98  0  0
 1  0      0 31395016   4556 172352    0    0 14996     0 3599 5599  7  2 89  2  0
 2  0      0 31106484   5076 188184    0    0 16860    20 3884 8730 22  3 74  1  0
 6  0      0 30895892   5252 201064    0    0 12464   160 3383 6107 39  2 57  1  0
 3  0      0 30832808   5460 202976    0    0   900     0 3842 8348 48  3 49  0  0
 1  0      0 31442516   5752 204184    0    0  2096   108 3535 4371 24  2 75  0  0
 0  0      0 31438416   6900 204624    0    0  2328     0  997 1755  1  1 98  0  0
